 csi   sd1(i)   sd2(i)   sd3(i)
     0.51282E+00 0.29989E+01 0.27614E+01 0.59619E+00
     0.53846E+00 0.66955E+00 0.25655E+00 0.66697E+00
     0.56410E+00 0.75466E+00 0.33419E+00 0.75159E+00
     0.58974E+00 0.85649E+00 0.42546E+00 0.85291E+00
     0.61538E+00 0.97844E+00 0.53360E+00 0.97426E+00
     0.64103E+00 0.11241E+01 0.66231E+00 0.11193E+01
     0.66667E+00 0.12974E+01 0.81560E+00 0.12920E+01
     0.69231E+00 0.15015E+01 0.99720E+00 0.14957E+01
     0.71795E+00 0.17385E+01 0.12099E+01 0.17324E+01
     0.74359E+00 0.20069E+01 0.14537E+01 0.20014E+01
     0.76923E+00 0.23001E+01 0.17242E+01 0.22959E+01
     0.79487E+00 0.26017E+01 0.20082E+01 0.26003E+01
     0.82051E+00 0.28820E+01 0.22806E+01 0.28852E+01
     0.84615E+00 0.30948E+01 0.25007E+01 0.31043E+01
     0.87179E+00 0.31772E+01 0.26118E+01 0.31941E+01
     0.89744E+00 0.30576E+01 0.25486E+01 0.30813E+01
     0.92308E+00 0.26743E+01 0.22530E+01 0.27013E+01
     0.94872E+00 0.20017E+01 0.16991E+01 0.20259E+01
     0.97436E+00 0.10756E+01 0.91708E+00 0.10900E+01
