 64 where   39.0000000       1521.00000    
           2   2.61003041       2.61690068     -0.535883367     -0.861263096    
           3   2.58283758       2.59643388      -1.06052506     -0.728083014    
           4   2.54275012       2.56279373      -1.56340861     -0.605116248    
           5   2.49057961       2.51666474      -2.03465247     -0.495515943    
           6   2.42734623       2.45896292      -2.46609688     -0.400764674    
           7   2.35425663       2.39080143      -2.85048962     -0.320887029    
           8   2.27263141       2.31344414      -3.18338823     -0.254867166    
           9   2.18387771       2.22825456      -3.46139312     -0.201098531    
          10   2.08943820       2.13665795      -3.68314433     -0.157753527    
          11   1.99073172       2.04008484      -3.84954834     -0.123034135    
          12   1.88914526       1.93993855      -3.96187425      -9.53136310E-02
          13   1.78597391       1.83755958      -4.02368069      -7.31964931E-02
          14   1.68240690       1.73419046      -4.03911543      -5.55270016E-02
          15   1.57951224       1.63095951      -4.01289225      -4.13708091E-02
          16   1.47822964       1.52887094      -3.95002079      -2.99843587E-02
          17   1.37935150       1.42879057      -3.85624552      -2.07818877E-02
          18   1.28352904       1.33144033      -3.73707485      -1.33047486E-02
          19   1.19130194       1.23741555      -3.59685850      -7.19495257E-03
          20   1.12459803       1.15794992      -2.60145473       0.00000000    
          21   1.19130194       1.15794992       2.60145473       2.17309594E-03
          22   1.28352904       1.23741555       3.59685850       7.19495257E-03
          23   1.37935150       1.33144033       3.73707485       1.33047486E-02
          24   1.47822964       1.42879057       3.85624552       2.07818877E-02
          25   1.57951224       1.52887094       3.95002079       2.99843587E-02
          26   1.68240690       1.63095951       4.01289225       4.13708091E-02
          27   1.78597391       1.73419046       4.03911543       5.55270016E-02
          28   1.88914526       1.83755958       4.02368069       7.31964931E-02
          29   1.99073172       1.93993855       3.96187425       9.53136310E-02
          30   2.08943820       2.04008484       3.84954834      0.123034135    
          31   2.18387771       2.13665795       3.68314433      0.157753527    
          32   2.27263141       2.22825456       3.46139312      0.201098531    
          33   2.35425663       2.31344414       3.18338823      0.254867166    
          34   2.42734623       2.39080143       2.85048962      0.320887029    
          35   2.49057961       2.45896292       2.46609688      0.400764674    
          36   2.54275012       2.51666474       2.03465247      0.495515943    
          37   2.58283758       2.56279373       1.56340861      0.605116248    
          38   2.61003041       2.59643388       1.06052506      0.728083014    
          39   2.62377095       2.61690068      0.535883367      0.861263096    
