 sd1(i)   sd2(i)   sda(i)
           2  -1.07564092     -0.917078018      -1.09004140    
           3  -2.00173831      -1.69905174      -2.02585769    
           4  -2.67434883      -2.25296068      -2.70126891    
           5  -3.05763245      -2.54864454      -3.08129478    
           6  -3.17717886      -2.61184144      -3.19409943    
           7  -3.09482265      -2.50066781      -3.10430360    
           8  -2.88202548      -2.28055930      -2.88517833    
           9  -2.60169959      -2.00819111      -2.60025764    
          10  -2.30009508      -1.72419167      -2.29589009    
          11  -2.00691700      -1.45371425      -2.00135016    
          12  -1.73846173      -1.20988333      -1.73241854    
          13  -1.50150502     -0.997202635      -1.49565208    
          14  -1.29737985     -0.815595686      -1.29198885    
          15  -1.12414157     -0.662312210      -1.11934197    
          16 -0.978443801     -0.533603251     -0.974261761    
          17 -0.856492519     -0.425456405     -0.852912426    
          18 -0.754662395     -0.334194124     -0.751592219    
          19   1.57262695       2.06295633     -0.666974127    
          20  -5.39497566      -5.08442307       0.00000000    
          21   2.99892211       2.76135755      0.596186280    
          22  0.669554174      0.256554246      0.666974127    
          23  0.754662395      0.334194124      0.751592219    
          24  0.856492519      0.425456405      0.852912426    
          25  0.978443801      0.533603251      0.974261761    
          26   1.12414157      0.662312210       1.11934197    
          27   1.29737985      0.815595686       1.29198885    
          28   1.50150502      0.997202635       1.49565208    
          29   1.73846173       1.20988333       1.73241854    
          30   2.00691700       1.45371425       2.00135016    
          31   2.30009508       1.72419167       2.29589009    
          32   2.60169959       2.00819111       2.60025764    
          33   2.88202548       2.28055930       2.88517833    
          34   3.09482265       2.50066781       3.10430360    
          35   3.17717886       2.61184144       3.19409943    
          36   3.05763245       2.54864454       3.08129478    
          37   2.67434883       2.25296068       2.70126891    
          38   2.00173831       1.69905174       2.02585769    
          39   1.07564092      0.917078018       1.09004140    
